0.000000	1.000000	
0.502670	2.000000	
0.913500	3.000000	
0.921820	4.000000	
1.324320	5.000000	
1.332640	6.000000	
1.340960	7.000000	
1.349280	8.000000	
1.735150	9.000000	
1.743470	10.000000	
1.751790	11.000000	
1.760110	12.000000	
1.768430	13.000000	
1.776750	14.000000	
1.785070	15.000000	
1.793390	16.000000	
2.145980	17.000000	
2.154300	18.000000	
2.162620	19.000000	
2.170940	20.000000	
2.179260	20.050000	
2.187580	20.100000	
2.195900	20.150000	
2.204220	20.199000	
2.212540	20.249000	
2.220860	20.298000	
2.229180	20.347000	
2.237500	20.397000	
2.245820	20.446000	
2.254140	20.494000	
2.262460	20.543000	
2.270780	20.592000	
2.556800	20.641000	
2.565120	20.689000	
2.573440	20.737000	
2.581760	20.786000	
2.590080	20.834000	
2.598400	20.882000	
2.606720	20.930000	
2.615040	20.977000	
2.623360	21.025000	
2.631680	21.073000	
2.640000	21.120000	
2.648320	21.167000	
2.656640	21.215000	
2.664960	21.262000	
2.673280	21.309000	
2.681600	21.356000	
2.689920	21.403000	
2.698240	21.449000	
2.706560	21.496000	
2.714880	21.542000	
2.967630	21.589000	
2.975950	21.635000	
2.984270	21.681000	
2.992590	21.727000	
3.000910	21.773000	
3.009230	21.819000	
3.017550	21.865000	
3.025870	21.911000	
3.034190	21.957000	
3.042510	22.002000	
3.050830	22.048000	
3.059150	22.093000	
3.067470	22.138000	
3.075790	22.183000	
3.084110	22.228000	
3.092430	22.273000	
3.100750	22.318000	
3.109070	22.363000	
3.117390	22.408000	
3.125710	22.453000	
3.378460	22.497000	
3.386780	22.542000	
3.395100	22.586000	
3.403420	22.630000	
3.411740	22.674000	
3.420060	22.718000	
3.428380	22.762000	
3.436700	22.806000	
3.445020	22.850000	
3.453340	22.894000	
3.461660	22.938000	
3.469980	22.981000	
3.478300	23.025000	
3.486620	23.068000	
3.494940	23.112000	
3.503260	23.155000	
3.511580	23.198000	
3.519900	23.241000	
3.528220	23.284000	
3.536540	23.327000	
3.789280	23.370000	
3.797600	23.413000	
3.805920	23.455000	
3.815970	23.498000	
3.824290	23.541000	
3.832610	23.583000	
3.840930	23.626000	
3.849250	23.668000	
3.857570	23.710000	
3.865890	23.752000	
3.874210	23.794000	
3.882530	23.836000	
3.890850	23.878000	
3.899170	23.920000	
3.907490	23.962000	
3.915810	24.004000	
3.924130	24.045000	
3.932450	24.087000	
3.940770	24.129000	
3.949090	24.170000	
4.200110	24.211000	
4.208430	24.253000	
4.216750	24.294000	
4.226790	24.335000	
4.235110	24.376000	
4.243430	24.417000	
4.251750	24.458000	
4.260070	24.499000	
4.268390	24.540000	
4.276710	24.581000	
4.285030	24.621000	
4.293350	24.662000	
4.301670	24.702000	
4.309990	24.743000	
4.318310	24.783000	
4.326630	24.824000	
4.334950	24.864000	
4.343270	24.904000	
4.351590	24.944000	
4.359910	24.984000	
4.610940	25.024000	
4.619260	25.064000	
4.627580	25.104000	
4.637620	25.144000	
4.645940	25.184000	
4.654260	25.224000	
4.662580	25.263000	
4.670900	25.303000	
4.679220	25.342000	
4.687540	25.382000	
4.695860	25.421000	
4.704180	25.461000	
4.712500	25.500000	
4.720820	25.539000	
4.729140	25.578000	
4.737460	25.617000	
4.745780	25.656000	
4.754100	25.695000	
4.762420	25.734000	
4.770740	25.773000	
5.021760	25.812000	
5.030080	25.851000	
5.038400	25.889000	
5.048450	25.928000	
5.056770	25.967000	
5.065090	26.005000	
5.073410	26.044000	
5.081730	26.082000	
5.090050	26.120000	
5.098370	26.159000	
5.106690	26.197000	
5.115010	26.235000	
5.123330	26.273000	
5.131650	26.311000	
5.139970	26.349000	
5.148290	26.387000	
5.156610	26.425000	
5.164930	26.463000	
5.173250	26.501000	
5.181570	26.538000	
5.661570	1.000000	
7.410830	2.000000	
7.821650	3.000000	
7.829970	4.000000	
8.232480	5.000000	
8.240800	6.000000	
8.249120	7.000000	
8.257440	8.000000	
8.643310	9.000000	
8.651630	10.000000	
8.659950	11.000000	
8.668270	12.000000	
8.676590	13.000000	
8.684910	14.000000	
8.693230	15.000000	
8.701550	16.000000	
9.054130	17.000000	
9.062450	18.000000	
9.070770	19.000000	
9.079090	20.000000	
9.087410	20.050000	
9.095730	20.100000	
9.104050	20.150000	
9.112370	20.199000	
9.120690	20.249000	
9.129010	20.298000	
9.137330	20.347000	
9.145650	20.397000	
9.153970	20.446000	
9.162290	20.494000	
9.170610	20.543000	
9.178930	20.592000	
9.464960	20.641000	
9.473280	20.689000	
9.481600	20.737000	
9.489920	20.786000	
9.498240	20.834000	
9.506560	20.882000	
9.514880	20.930000	
9.523200	20.977000	
9.531520	21.025000	
9.539840	21.073000	
9.548160	21.120000	
9.556480	21.167000	
9.564800	21.215000	
9.573120	21.262000	
9.581440	21.309000	
9.589760	21.356000	
9.598080	21.403000	
9.606400	21.449000	
9.614720	21.496000	
9.623040	21.542000	
9.875790	21.589000	
9.884110	21.635000	
9.892430	21.681000	
9.900750	21.727000	
9.909070	21.773000	
9.917390	21.819000	
9.925710	21.865000	
9.934030	21.911000	
9.942350	21.957000	
9.950670	22.002000	
9.958990	22.048000	
9.967310	22.093000	
9.975630	22.138000	
9.983950	22.183000	
9.992270	22.228000	
10.000590	22.273000	
10.008910	22.318000	
10.017230	22.363000	
10.025550	22.408000	
10.033870	22.453000	
10.286620	22.497000	
10.294940	22.542000	
10.303260	22.586000	
10.311580	22.630000	
10.319900	22.674000	
10.328220	22.718000	
10.336540	22.762000	
10.344860	22.806000	
10.353180	22.850000	
10.361500	22.894000	
10.369820	22.938000	
10.378140	22.981000	
10.386460	23.025000	
10.394780	23.068000	
10.403100	23.112000	
10.411420	23.155000	
10.419740	23.198000	
10.428060	23.241000	
10.436380	23.284000	
10.444700	23.327000	
10.697440	23.370000	
10.705760	23.413000	
10.714080	23.455000	
10.722400	23.498000	
10.730720	23.541000	
10.739040	23.583000	
10.747360	23.626000	
10.755680	23.668000	
10.764000	23.710000	
10.772320	23.752000	
10.780640	23.794000	
10.788960	23.836000	
10.797280	23.878000	
10.805600	23.920000	
10.813920	23.962000	
10.822240	24.004000	
10.830560	24.045000	
10.838880	24.087000	
10.847200	24.129000	
10.855520	24.170000	
11.108270	24.211000	
11.116590	24.253000	
11.124910	24.294000	
11.133230	24.335000	
11.141550	24.376000	
11.149870	24.417000	
11.158190	24.458000	
11.166510	24.499000	
11.174830	24.540000	
11.183150	24.581000	
11.191470	24.621000	
11.199790	24.662000	
11.208110	24.702000	
11.216430	24.743000	
11.224750	24.783000	
11.233070	24.824000	
11.241390	24.864000	
11.249710	24.904000	
11.258030	24.944000	
11.266350	24.984000	
11.519100	25.024000	
11.527420	25.064000	
11.535740	25.104000	
11.544060	25.144000	
11.552380	25.184000	
11.560700	25.224000	
11.569020	25.263000	
11.577340	25.303000	
11.585660	25.342000	
11.593980	25.382000	
11.602300	25.421000	
11.610620	25.461000	
11.618940	25.500000	
11.627260	25.539000	
11.635580	25.578000	
11.643900	25.617000	
11.652220	25.656000	
11.660540	25.695000	
11.668860	25.734000	
11.677180	25.773000	
11.929920	25.812000	
11.938240	25.851000	
11.946560	25.889000	
11.954880	25.928000	
11.963200	25.967000	
11.971520	26.005000	
11.979840	26.044000	
11.988160	26.082000	
11.996480	26.120000	
12.004800	26.159000	
12.014400	26.197000	
12.022720	26.235000	
12.031040	26.273000	
12.039360	26.311000	
12.047680	26.349000	
12.056000	26.387000	
12.064320	26.425000	
12.072640	26.463000	
12.080960	26.501000	
12.089280	26.538000	
12.340750	26.576000	
12.349070	26.614000	
12.357390	26.651000	
12.365710	26.689000	
12.374030	26.726000	
12.382350	26.764000	
12.390670	26.801000	
12.398990	26.838000	
12.407310	26.876000	
12.415630	26.913000	
12.425230	26.950000	
12.433550	26.987000	
12.441870	27.024000	
12.450190	27.061000	
12.458510	27.098000	
12.466830	27.135000	
12.475150	27.172000	
12.483470	27.209000	
12.491790	27.245000	
12.500110	27.282000	
12.751580	27.319000	
12.759900	27.355000	
12.768220	27.392000	
12.776540	27.428000	
12.784860	27.465000	
12.793180	27.501000	
12.801500	27.538000	
12.809820	27.574000	
12.818140	27.610000	
12.826460	27.646000	
12.836060	27.683000	
12.844380	27.719000	
12.852700	27.755000	
12.861020	27.791000	
12.869340	27.827000	
12.877660	27.863000	
12.885980	27.899000	
12.894300	27.934000	
12.902620	27.970000	
12.910940	28.006000	
13.162400	28.042000	
13.170720	28.077000	
13.179040	28.113000	
13.187360	28.149000	
13.195680	28.184000	
13.204000	28.220000	
13.212480	28.255000	
13.220800	28.290000	
13.229120	28.326000	
13.237440	28.361000	
13.246880	28.396000	
13.255200	28.432000	
13.263520	28.467000	
13.271840	28.502000	
13.280160	28.537000	
13.288480	28.572000	
13.296800	28.607000	
13.305120	28.642000	
13.313440	28.677000	
13.321760	28.712000	
13.573230	28.747000	
13.581550	28.781000	
13.589870	28.816000	
13.598190	28.851000	
13.606510	28.885000	
13.614930	28.920000	
13.623310	28.955000	
13.631630	28.989000	
13.639950	29.024000	
13.648270	29.058000	
13.657710	29.093000	
13.666030	29.127000	
13.674350	29.161000	
13.682670	29.196000	
13.690990	29.230000	
13.699310	29.264000	
13.707630	29.298000	
13.715950	29.332000	
13.724270	29.366000	
13.732590	29.400000	
13.984060	29.434000	
13.992380	29.468000	
14.000700	29.502000	
14.009020	29.536000	
14.017340	29.570000	
14.025760	29.604000	
14.034140	29.638000	
14.042460	29.671000	
14.050780	29.705000	
14.059100	29.739000	
14.068540	29.772000	
14.076860	29.806000	
14.085180	29.840000	
14.093500	29.873000	
14.101820	29.907000	
14.110140	29.940000	
14.118460	29.973000	
14.126780	30.007000	
14.135100	30.040000	
14.143420	30.073000	
14.394880	30.107000	
14.403200	30.140000	
14.843200	1.000000	
